25719
142462
10974
121974
16838
6742
115121
112254
266216
8475
62123
8818
9921
2019
6346
10305
15363
1266
12124
66148
17157
17030
11315
111779
161014
16898
28216
162122
175085
1356
21374
10008
65483
176248
6830
30990
1408
23978
109183
11721
11748
17762
31692
17919
108306
138489
1794
12108
61885
12108
12478
4186
21061
16956
9667
10056
7401
10441
24032
64165
66313
61693
260893
6836
112007
163669
164368
165779
65796
146659
125054
16188
4242
63687
119417
180466
14412
25709
3158
1981
2490
13714
14163
13714
153668
13431
2002
2255
4918
5824
142748
14820
23553
62224
5639
6370
63551
121199
5530
13646
157195
2577
61544
24708
6737
64254
66504
116791
145308
7146
16985
7146
28620
107817
9611
24538
24978
17724
24293
16748
11513
63511
112295
17225
11012
25860
147449
63479
16763
10983
2101
10407
28195
64547
65474
117862
109699
114956
61420
11228
4058
2049
2574
10426
64994
3238
16637
17105
20297
16821
16824
174130
1082
16974
6078
6326
65345
3024
9867
19024
30222
24466
115566
64218
160228
10382
1447
30328
60983
154714
180833
19932
17640
8219
5252
20909
16785
178839
8047
29934
66286
14182
266160
3580
3497
28135
16989
10016
150179
23111
30082
4801
61206
22861
166051
63679
147792
161996
5116
31659
2787
17148
9898
105538
63058
155133
10156
9778
25236
143153
18110
133949
16845
4666
165854
177640
22496
65133
28155
164116
31744
66484
11234
61815
18358
1926
178545
2346
266165
65610
174449
30857
1300
23107
5597
162336
13597
115766
140983
162576
31489
17318
64418
12796
8446
21238
4579
109366
17694
19907
26022
29300
158414
7163
108664
179253
62972
17136
24547
174301
7772
14583
18533
165284
64584
16967
163673
162894
18732
30461
1254
118525
19152
28168
30055
153728
10345
174316
164668
163586
4608
66597
14219
24463
62396
65226
182788
125360
161924
64554
124615
145729
29984
175510
1995
61489
25896
111581
2870
27882
11185
65576
13124
8247
161942
166482
16836
8789
178453
25056
63799
62689
20109
176565
16955
9761
5764
28022
160657
117903
25108
7085
10374
7065
8850
21593
1686
12689
21595
8210
116503
117161
178319
28278
6574
3807
31037
179437
177674
161067
10005
2555
3814
28349
29964
9242
3502
16926
127797
28866
7904
17252
111179
6433
164663
111629
19428
19508
17715
29246
8542
19658
14793
2436
11051
16889
175127
2328
25062
2802
5539
61703
185569
17115
1449
8440
61984
30016
10332
10190
133945
14084
3336
29101
16777
112112
9411
6617
2783
1078
65444
9324
31702
61112
166747
183700
17072
25915
4699
24233
138402
17908
7447
65011
110533
126555
30219
1410
142953
7022
157074
16957
9849
122172
147657
180658
62766
2154
65771
3532
112101
1704
63338
18560
1974
66586
162957
3505
10832
64346
9555
3505
174744
3708
7281
1913
9325
15092
179303
1820
5568
10801
2986
1891
7291
21499
62745
63621
8902
160742
19911
157755
1439
10364
153028
12407
10420
11657
14489
185953
8611
6213
15199
11446
2150
122015
149177
29634
147307
176404
10121
60800
5492
6357
66602
166451
61408
176928
25173
12972
5046
25906
162272
4275
7691
160781
27906
189490
7985
183446
1210
10063
9359
65365
11291
9619
19538
157679
7506
7506
2856
1209
8972
185824
177124
11930
177303
187958
1468
117026
24096
180169
2025
19355
157493
162584
28900
12266
8832
28490
4903
186846
179739
124198
199456
12141
63543
7658
7881
4988
31739
7824
29448
29265
184225
13579
18683
4606
25021
120048
16689
4383
174236
179700
157862
175510
6497
112168
111976
22817
161000
187529
10198
160719
164606
154760
163668
165845
18276
17419
29607
19517
108482
146607
6730
10757
146114
62330
2295
5835
7422
27875
120318
22306
26011
6995
17233
163921
64552
142460
184321
174108
3107
20020
20967
163113
160341
186903
185654
287462
4274
25627
178863
23002
190959
5379
30220
12978
4911
184885
4740
117020
118126
14590
20136
62686
5518
165699
166458
149620
144097
166458
179832
63723
138743
12485
5313
180659
30188
29164
174312
63232
25140
64929
16927
9890
160417
30740
3556
147175
156633
160448
11555
4087
2086
17941
8807
184449
17628
2628
6115
61409
7017
23354
162958
6266
20653
20011
20185
3394
6932
13003
146171
160668
15452
164109
14477
11600
65176
179657
11361
11738
8577
164275
5087
161013
1860
177124
64199
5210
30539
187167
175157
166485
24483
5870
166436
18427
61004
171139
2859
174656
7368
10777
64568
186773
2538
166087
10236
162346
199757
10565
7295
148770
274165
19142
175503
8858
10905
120358
7849
4241
125240
18005
160378
15459
10405
12895
176268
18071
3835
66610
27936
2352
10247
19578
9256
20761
5496
30463
14438
25509
135990
179361
16698
165846
30888
7923
26071
160891
175006
17070
17240
12216
170297
24447
19713
8549
7420
9203
31242
176659
15709
3581
1632
185375
6774
19094
12545
143689
178684
1526
15855
24597
63892
12311
14934
8210
14169
187774
8694
185483
4273
61380
170781
8958
9083
9472
26545
18241
6386
11259
164363
10277
21503
174119
22325
7481
1554
27965
28410
163878
8210
23587
110529
24232
24878
26413
153128
16790
165675
165675
174282
112721
186392
16981
28608
164680
1837
175646
178811
12994
164585
61591
3946
109683
65532
19570
16929
194755
105670
175607
20570
178519
20693
10581
186993
130762
4678
8873
175007
65026
178767
8079
163680
186743
139705
2282
31477
30558
4941
117034
118502
106404
17877
165123
3342
17050
63698
187814
8363
20280
11296
183833
1613
17076
65417
6008
1072
14253
156157
164708
160989
66288
13453
9916
61552
62919
4331
3855
7154
4973
17367
4225
61055
185645
147303
4060
14402
17912
24896
64306
183603
160293
10726
9171
19137
186845
20537
21895
141720
147208
17341
113093
5918
175131
64055
166564
110382
163887
19580
4517
176282
62391
17239
180395
65958
7799
1117
21696
25186
31460
3358
2817
19104
21899
137232
155174
160207
66285
2285
10124
176595
17534
165652
8092
11060
28152
25539
15521
29517
30076
21073
26012
174490
178610
28919
163939
18179
30495
7161
185030
120877
24750
5256
147849
25600
8229
7116
66281
27776
17173
4685
12403
31593
122078
162129
25405
26016
264395
1050
10086
18339
19649
16832
8264
184149
4409
7938
30059
31846
186290
18431
184569
18866
15235
163946
4321
3310
180402
7092
135484
10030
8892
194256
2829
8579
164660
170360
175741
11343
24965
28462
119594
147638
18549
1094
9445
185549
7741
29359
65587
109926
166005
11584
3121
161953
3439
31227
164756
9815
179741
8199
25357
166363
6334
4842
6547
10860
7257
4498
62396
14824
23287
11302
160378
15117
28877
18868
19545
22159
174135
188856
176637
24755
64275
187810
163921
21867
145080
19296
26475
62655
28119
13342
19966
13962
165358
186874
14639
5047
32980
30175
64850
32592
141720
14225
181745
12432
20686
33700
63135
2080
63708
16716
3650
10999
13510
63178
6304
2259
1982
1982
5764
183826
65235
63874
13289
7636
149070
1487
23793
185164
137609
10981
30547
33708
8213
22717
177739
185018
29984
23985
24810
184258
3275
12428
12215
10549
7977
5408
170375
21604
23077
24330
28670
31958
8030
5878
30384
64821
64925
4193
61163
175307
30293
18307
20779
1104
61732
18774
23072
151544
16781
3246
65106
65548
8245
8762
17438
1678
21918
12726
150277
15093
3362
10499
7993
62575
8402
12433
13341
111819
25376
7974
8901
176592
31738
11550
187575
7437
9777
8105
33476
11670
8539
8699
186279
163594
22180
179831
8479
7762
2556
7970
115831
208079
19770
5680
12138
23086
7911
145049
149618
3897
24678
170639
13128
24291
7183
8272
18261
6653
22629
9846
11636
4885
4723
66085
19526
20913
31994
29082
8348
24731
30637
176760
187690
17769
18145
4060
20019
3562
5179
5763
10195
13562
11178
5763
18383
2403
2968
28924
176256
17641
11017
64228
10894
61487
5071
8113
4990
2136
9899
66599
120456
111940
187551
30223
2663
23252
23996
25234
25880
164365
189567
16101
21547
11313
4390
11313
29649
30536
66155
162127
176408
183324
15350
28769
60914
3570
2342
18329
163884
166368
65050
7241
137230
4839
187040
31109
61735
11511
66235
162557
33449
19935
32273
32751
8151
11099
61188
112410
124046
4045
264509
18037
177088
182701
6310
186180
17933
18117
23256
11877
7279
4201
19129
11554
25633
28340
112876
12140
111537
163069
178703
16714
16245
185532
16225
18468
21825
22124
5234
32413
1075
24216
64063
64979
16714
116029
31718
6333
30932
170748
24073
21833
18385
29211
61811
120794
165466
176351
177945
185113
186139
187491
13861
15212
21652
20044
20944
26411
29760
11220
1257
13125
14592
17106
31368
16890
6527
166197
178672
13733
186501
12892
12833
187709
20655
21628
23537
8099
62501
133768
150837
165649
176914
13871
19184
9125
29868
62654
66731
122915
125014
142230
141363
162894
63725
150201
65009
186206
12294
19815
7366
109599
109621
137351
19057
183247
13189
184035
6066
186472
187319
171103
8123
1562
18306
19927
21616
21834
29830
8530
1440
8007
61839
29804
142546
163935
164364
147312
4503
189459
19574
20473
20534
26351
187236
5581
2558
13709
29099
29217
30298
21743
161048
266214
161120
160541
184167
34337
8253
5543
29282
31895
175319
1722
3413
174022
196159
15396
20539
178073
27802
4040
3813
7525
8431
6865
11856
15142
28322
29734
29946
31560
15247
150279
10917
186989
19163
23433
22741
5742
141359
176523
185396
16113
1602
2991
22853
23556
19484
186169
34034
31442
11465
4093
5690
7959
19318
29389
30490
125975
147204
65406
162264
165630
165209
177255
179288
179974
184748
190590
194456
170612
170841
149906
23296
9850
11264
9299
7620
5667
3863
13526
61028
63520
63847
10920
136265
144435
185618
156578
166563
178814
184602
184254
18321
19273
32106
30714
149318
175674
175271
11304
5526
3581
62979
160173
34420
7435
8606
13498
14624
61519
127377
8605
24844
164506
181269
27665
32748
6104
9783
64784
25481
143356
165856
3592
163667
156153
14256
6338
12389
111662
10567
18049
16705
176234
19925
66394
20740
5568
2005
30962
61153
34443
2573
3643
4485
11455
7260
2593
7034
7875
9393
6733
10187
10902
34042
17795
64028
145041
157153
175110
146140
17095
66210
171212
18293
163963
21904
20344
20739
23432
11842
18293
23977
6375
4448
17195
8457
6136
7922
2884
14311
23500
106853
121718
4818
145701
148469
64193
11976
5523
185453
16668
5523
12578
14828
13710
19817
157354
17987
9465
5439
2999
64480
186276
12151
33495
23450
19965
24800
124434
17151
15197
5073
187483
170775
19507
10121
22025
26658
6435
3007
8810
4674
11506
11456
5125
6410
8692
4029
11340
17245
63643
65689
11796
140541
4809
149082
164572
184689
2818
177637
19440
18695
22674
23821
31914
8455
9831
8068
27886
29705
177108
184899
7951
19159
176766
26156
5606
10096
25283
27780
176725
34736
6867
17035
2184
162160
176999
178539
14401
3144
17248
19262
185345
185585
171023
16066
8543
14551
18323
18792
19752
19974
20412
20502
21019
22459
23147
19071
13431
182599
20029
3231
4066
4737
4771
11301
8060
3622
6649
12123
24440
24856
4611
25338
25950
27790
11861
15153
15153
5862
61129
61585
62626
62895
63288
63422
64745
113490
119414
121713
121817
125234
128978
137943
28762
150139
160479
160991
161966
8001
161852
162401
165264
174729
175263
180193
184735
186893
5786
9346
27981
29392
62374
65640
117902
122211
19124
177216
183822
13963
25167
5338
5338
177782
185821
12081
20105
2393
4450
62897
63447
145024
154739
161844
164155
24171
186591
16608
17896
18779
13041
5149
15111
25665
266257
184287
16149
108979
34260
2269
4605
29894
11872
112968
157452
266315
179621
183528
13580
31095
158053
180711
164132
18573
19275
1949
8148
17626
16125
14403
64344
185177
183902
185339
186363
186671
186783
187250
189516
16150
16700
16116
187148
183029
16884
17866
157679
18494
18677
18073
19084
20550
19582
183603
111974
21630
22983
23353
26410
27045
29016
27394
31251
20959
31819
31966
33066
32580
19800
33542
33428
33684
34415
7733
4640
7063
20791
8493
7277
11399
13142
23485
24533
24825
24980
28323
28629
28733
29052
29875
30067
64030
65290
65556
24620
65710
66354
66654
65228
117260
129823
114880
155754
160233
162219
160706
162925
158743
178529
178862
25632
179889
16641
180228
183388
183606
183830
183963
184688
19873
183108
17878
23150
2751
10035
110179
30354
30822
65084
66016
66290
15101
14172
160990
183780
183581
100243
100873
104432
105365
110685
111864
112033
113419
114524
114628
117768
118122
118577
119314
120093
121077
121382
122841
125533
125595
126136
126296
126554
133366
136725
138205
139665
140760
141384
141400
141459
141913
142811
143357
143974
144009
144066
144559
145046
145552
145977
146017
147579
148349
149337
149738
150699
150937
154357
155394
157057
157855
158354
160225
160255
160256
160329
160329
162254
162448
162906
162906
163610
164296
164296
165052
165052
165914
165993
170617
170750
175404
175955
177264
177267
177376
177884
178310
178507
178704
179534
180167
180405
180652
183257
183377
184500
184700
186106
186310
187128
188255
189491
198058
199356
260774
260778
294524
316056
326688
