11702
41682
21796
45994
9664
21105
16231
37522
45707
21383
15490
21461
4227
20265
5113
4456
8292
153
21224
15912
7427
9630
4987
16163
45722
8140
29863
46278
51203
20060
10552
21662
42653
51527
21123
30513
20067
29028
46284
7765
6893
10388
13660
40986
42548
45481
20222
7801
31913
7801
44393
20622
10517
8544
21609
21669
2949
4375
29019
15238
37177
44055
45417
10783
43615
46996
47209
49989
52970
50954
15052
10256
22983
14996
35014
53050
21635
29565
20470
481
20350
21866
21174
21866
43846
9309
475
20306
1693
20953
43501
3597
14615
41558
20913
7677
14940
37139
2238
21753
44817
20371
14124
11204
27454
15267
16037
16351
42430
2801
9351
2801
12289
41007
21599
11142
29432
14751
23285
9193
4923
16200
43845
10004
4684
11767
42936
16022
9838
21832
20283
21723
12108
31896
15716
34965
44287
51109
14046
21876
20596
20270
20370
21726
15552
779
8990
10369
17957
8889
9341
50697
5580
9652
20991
2488
15674
900
26033
11264
13092
13657
16308
16321
45730
7322
90
13139
40193
44174
53121
16427
8711
21348
2002
26030
8665
52842
3347
30356
15921
9425
51445
20531
20517
12079
7788
21664
43451
11277
53114
1820
14729
44702
50315
15000
43260
45723
5242
50828
20398
9884
6875
16578
33945
44806
21686
4162
11508
41464
8788
37739
10218
5599
50857
52391
26020
15901
12086
47214
13685
16328
4881
14283
11691
430
52773
20327
51662
39167
50830
13396
22168
41974
20906
45866
5058
16310
40983
46557
13544
9974
15356
1629
21375
10545
1632
16048
13085
44919
29732
12618
44996
21179
41393
52940
53105
8451
11148
51209
21261
20210
9389
47877
15426
10039
46854
46860
15657
13204
157
46272
11636
29745
12994
44172
21713
51090
47185
47431
20698
37750
7784
11111
14442
15632
32075
17216
46444
15416
17181
42284
30369
51537
20258
15545
11785
53102
1097
29559
4805
32135
20301
21351
46844
50701
6545
3684
52751
11412
15045
4293
15307
51634
8212
21623
20945
12058
45990
16388
11439
21161
21717
21158
3741
41460
317
21037
12397
21346
16331
16374
52752
12139
2689
6213
51322
52985
53315
46013
4230
5595
20549
29870
12954
42115
20518
9641
17670
12412
21293
4643
37716
2498
47861
17399
10421
10429
15450
12591
21397
53142
20221
20342
5705
8179
50978
35233
11416
755
6616
14217
53639
4234
92
3730
50698
12986
21711
21692
37150
9550
20493
12525
9141
45295
21566
2612
20397
20017
51999
21545
13663
51646
50495
53362
3262
11789
1689
11001
38446
16380
21208
15560
34759
17395
30401
20068
41680
3031
44819
9473
4350
16665
42919
53206
53222
20292
15804
20523
43694
194
14838
10510
20252
15994
47195
33
4678
15312
34702
33
51094
20550
3023
20238
21546
10065
53530
5225
20900
21794
892
20235
2881
10564
14582
14966
3911
46668
10347
44998
7019
6389
47219
27739
4467
27610
9833
54023
21413
2426
6281
21913
5223
16646
44625
12802
42910
51978
6412
13758
20883
6985
34680
50474
30958
51962
11479
9522
20791
11786
45876
1513
5980
50973
29794
53890
21303
53209
6977
21670
22765
15909
27591
21603
8926
54181
2991
2991
20416
20030
21492
53647
52701
6522
53411
53940
121
16640
10962
53031
20248
7460
44969
46027
29960
8317
5130
12221
1824
53833
53013
17147
27638
8048
31718
21245
21286
20782
30879
21269
12702
30051
53382
20894
54544
54443
29464
16492
9438
6748
53214
52990
45085
42284
2573
34838
16173
10684
46883
54072
21694
46105
50855
44813
46858
50300
11371
54454
30102
54702
41161
42533
21102
21786
42393
14328
603
44523
16277
29758
52785
10637
11860
27566
7050
47199
15370
41580
53459
53410
20462
54839
54942
50314
46102
54725
53617
53694
6507
29526
52829
9465
53900
1957
13087
54193
20767
53515
20723
16364
34996
20763
54821
14548
20887
50203
50950
54133
36608
55178
53004
44119
38419
20373
20846
54337
13061
30023
53506
14795
11459
15534
54321
4342
45431
30420
1131
56249
44727
45702
21932
20606
20277
54500
21457
53377
54391
1222
2364
30963
21795
55201
50600
21018
13960
54878
11324
1191
2847
41977
42784
45728
54227
50200
9804
5009
41815
52975
4897
46018
21404
54634
21548
45465
403
53940
15251
1964
30450
53921
51307
51408
11123
20965
51657
54479
14801
54267
5140
51302
3048
4604
15423
53836
20356
54440
21696
53455
53960
21752
36370
43161
53184
54707
53483
5703
21819
16521
3200
1507
17205
54387
45383
22095
21722
8840
51531
54471
20566
15962
12014
7113
21698
54939
53943
54900
20884
30446
54174
11606
37496
52948
7676
50195
13403
21294
41388
45415
51200
6523
8228
8220
54137
11106
12461
21401
2971
31847
45560
51812
22076
1100
282
54361
21110
11403
30030
45282
52818
261
10224
55357
31769
54201
35222
55056
21714
53924
21432
53511
1510
14013
53980
3781
5327
4096
55488
29505
21045
21880
54112
21700
10563
50862
10634
2985
82
12027
12197
51441
55056
29231
16101
10954
11316
55471
43976
7871
50032
50032
51092
16222
54366
9058
29928
52296
116
51309
52992
7953
47869
14152
20582
16060
37736
11480
7724
53962
16026
51457
30875
53576
54879
21758
53724
18314
5259
21476
51547
15579
52872
3326
46875
53828
55027
595
13539
13240
20773
16367
16422
17667
54270
51338
1186
54326
31767
53942
3589
54810
21887
53344
20192
8217
32093
2367
30930
2253
44623
47422
45712
32185
26284
6054
31197
14648
20646
1303
21177
7094
16487
1477
13966
53710
43633
20597
54294
54707
55425
31899
53208
45697
21782
26503
14355
53827
55052
55179
31664
42780
14661
34857
20976
52373
15186
50974
34742
47001
54849
20684
51539
14433
42390
53075
15926
250
65
55075
11482
13524
9654
20408
54636
55318
37678
44513
45566
15918
20315
4295
51788
16300
50192
3370
21849
29811
55466
10171
12740
55886
55094
11855
50964
52798
29973
46986
54501
13218
7301
54076
35164
11235
20841
43140
55382
6104
21168
34638
11934
53624
1658
11413
30857
16650
45695
31975
11862
45176
176
4120
54536
54830
6944
21356
53425
6863
21247
13001
30886
53644
54597
53466
54622
54255
47183
20643
5220
53074
7177
925
21665
5660
54273
6992
21405
48787
54304
51316
21900
29372
29883
35029
43163
10127
37
21570
53645
21256
30087
15751
34722
51439
21936
20463
46095
20361
37746
48785
4196
53463
3418
11565
50723
21032
20751
21080
21808
21188
7518
14442
912
55301
4988
54387
54403
56438
54586
54710
55138
50962
54155
53164
11238
737
53961
53459
55707
45297
54669
55856
14527
29807
3860
12702
30422
50194
53871
28409
20792
56213
30396
32016
56093
42780
9440
53823
54158
54936
53827
14762
676
31764
5300
20543
21835
20609
14778
2551
511
714
714
20945
53729
16470
15073
9096
3102
43791
137
29005
55380
56071
5203
55961
56393
3321
12038
52410
53437
32135
56131
29374
53405
5195
21430
8222
6765
21300
20866
54015
55097
55220
55333
55816
55975
21308
20968
30423
31965
31991
32019
45703
51326
30421
8879
10486
370
31388
54676
55255
43689
9280
20484
15596
32101
3685
21446
53043
20204
55044
21798
43790
54298
20495
21737
3306
14499
6333
8441
3682
53141
11576
21244
21482
51638
13682
21931
54077
21206
21629
3348
56367
21948
21396
3642
53653
46684
55381
53018
21384
21259
20362
21299
34941
52981
55091
5085
8087
55202
3218
42775
43449
20574
29347
54914
20631
11018
3074
34798
54468
21092
55160
21543
21945
6407
1645
32183
54804
54948
55969
29993
21365
29335
30458
51966
54106
54362
54470
56027
5856
1072
20819
20867
21693
21107
4815
20867
54572
20331
20436
29955
51557
8677
21838
41564
3334
14091
20798
21328
1892
20288
21645
34707
16526
16649
54927
55861
20384
29780
55328
11506
11778
47887
53922
54287
55013
21893
20653
21893
30104
13225
15993
47009
51640
53179
22037
29951
30909
5169
614
16290
46878
50729
41698
21185
37672
20750
55120
55956
14237
6149
15933
46695
54304
54764
56068
56211
21332
5974
30932
16204
36355
43919
45384
46103
52388
53166
53667
53767
54469
54889
55260
56130
21194
1451
2545
4980
29554
29867
34829
7257
42549
46443
52811
8686
9847
53621
54296
54587
55006
55115
20834
56107
21409
10996
31796
15547
8686
34920
45993
2502
13413
54103
55311
55910
56739
12848
31574
16544
50018
51661
52550
53545
53706
54046
54170
54202
55008
55040
55057
55708
55859
21874
20041
20891
20048
11950
41159
7720
7459
50594
52793
8909
53753
54183
54259
54592
54918
55058
55374
21326
31583
37138
43632
50309
51963
54182
54696
6533
30362
14531
34765
16779
17208
41263
41456
41819
43261
43686
52690
53719
54205
56362
21201
34846
18304
37659
44057
53187
8826
53563
20990
53715
53865
54052
21329
5828
54706
54809
55050
55760
21913
21394
20077
21305
30868
30929
41257
47429
47880
49991
20678
54082
54754
54941
54901
55422
55567
20902
20363
20097
30011
12574
30427
43861
45464
45467
46026
46855
53368
56546
3487
2105
12608
32069
51096
20207
20499
54208
54291
54302
54845
55369
55686
20594
20561
9480
21372
21130
4163
22124
29844
12859
12951
30852
32066
43857
7428
53810
14228
55252
55290
20939
41062
51811
53670
54336
216
20440
55182
55253
55257
55545
56011
56077
21916
20608
2191
21298
10743
30086
30438
17317
42769
44816
45869
50979
51798
52268
52924
53060
53467
53892
53916
54019
54048
54822
55240
21640
21881
21541
21236
20922
1285
20346
13852
14923
31780
36383
37718
42007
29931
45708
50694
52843
53460
53688
54539
54802
20253
13338
43620
44990
51957
21890
20890
1100
16107
45059
56590
21205
21411
20394
9798
31205
17502
44721
45886
47179
50489
55670
56164
20994
2535
16084
17469
42524
50199
54593
55756
44631
9698
21035
20881
16158
53440
8534
9449
54668
54773
54827
54973
55296
589
55903
30940
56668
5286
840
1610
4905
21189
20374
2775
3178
21560
2664
21691
4690
29807
14687
31802
43250
44705
51105
53342
7067
53883
54071
54466
54576
54616
54850
54975
55235
362
54466
55250
21041
1582
6736
21377
20997
3217
20421
21425
10805
15956
16614
41080
42285
43691
53285
7992
2089
53488
1940
2089
21854
3363
20409
44293
44712
8158
21576
20868
20442
15384
53769
54444
56388
28947
11024
11253
36336
9147
9882
53554
53821
54352
54762
54824
55054
55493
21055
6760
21458
1620
21923
21914
20807
2527
21431
20592
21899
5926
22200
35205
7557
40143
41367
43281
48766
53395
9117
54665
54753
55036
55181
55285
56447
21376
21637
21322
11981
12843
52115
53407
27626
42396
52142
55421
20908
4289
29494
29753
51821
56621
21132
7863
7506
47000
51969
52807
8778
20468
9213
9645
53714
53755
54065
54231
21398
54438
54480
54610
54732
54771
54837
54876
55062
55155
55242
55777
56450
56489
1167
1261
1367
1856
1768
21889
579
20538
2636
20505
11103
11300
22856
11558
29709
29768
4818
28392
28392
30265
13912
14157
14518
14633
31689
14873
31979
16268
16457
16609
16631
36338
23511
38389
38463
43626
45469
45684
45709
3309
46025
46156
47864
50965
51196
53033
53400
53727
2093
21550
12036
30070
14330
15761
34977
43253
7764
52140
52831
21100
11470
27374
27374
52370
53539
54310
54803
20330
20666
31647
31710
41975
44289
46024
46853
46874
53683
54286
54412
54552
781
3641
21995
29553
45078
53350
54271
55481
56566
20309
20697
12917
7914
16415
44630
45471
52978
53612
21839
13449
45287
53196
54050
54588
54760
20247
5941
54384
55599
21478
31933
53500
53520
53717
53759
53803
53881
53918
54035
54268
54288
54307
54323
54326
54342
54390
54472
54495
54562
54575
54623
54854
54859
54879
54938
55098
55188
55205
55426
55555
55762
55807
55927
55973
55983
55998
56255
56259
56354
56356
56387
56430
56576
21255
1741
21157
20378
21389
21193
4879
21114
28924
29106
11276
29434
29848
29911
29940
30004
30345
30378
15171
32062
32098
32110
32145
34627
34672
16035
34979
17970
41979
44265
45430
45880
46669
50319
45679
52778
52825
52845
53021
30985
53168
53194
53205
53304
53318
53376
9239
54080
54398
55206
6262
4260
10302
30429
30500
32025
32174
34665
34710
5440
45705
53238
53300
56767
53656
54313
34770
34746
16167
16179
34849
16285
35048
16382
53927
16425
16454
35026
16561
16584
16753
36357
17300
17322
47013
36364
36952
37727
37938
20610
40148
41154
20745
41059
41168
41678
41871
41671
41694
41688
41870
42273
42540
42402
42401
43145
50481
46282
43340
43520
43807
53439
44497
44893
45288
45174
50700
45068
52120
45483
45483
46091
46145
54895
48792
48793
47011
47011
48779
48779
50184
41673
54084
54222
51447
51555
52417
52418
52396
52684
52762
52840
52788
52983
53039
12499
53256
53189
53286
53447
53610
53616
53697
53947
53876
53896
53948
53964
45270
45394
53531
54641
56329
