77898
89008
15077
90471
11847
49015
86253
88257
90399
35238
84825
25443
72005
49656
47133
74500
10375
11790
69032
85728
93105
11823
81702
86157
90416
10205
79210
90597
91490
24643
76435
43481
89292
91628
43721
81055
10225
76644
90603
90756
62042
76037
81541
88797
89278
90317
24272
77576
84578
92284
89849
31480
76099
10638
36468
36898
54114
75460
76638
84320
88183
89736
90276
76489
89527
90786
90862
91013
92593
91379
84108
75654
77481
84140
86756
92729
75316
77895
30648
58755
50227
75104
75261
76226
89644
11478
16505
20220
37832
38973
89497
63977
83551
88979
52716
89333
83934
87843
41241
75100
90013
28564
82552
77090
81678
84438
85966
86531
89244
52090
75550
89155
79382
88820
51625
77045
77366
83642
91403
11348
83030
86300
89643
12269
59619
78009
89350
85857
11506
17830
29612
44329
79094
84389
85353
86548
89821
91431
82515
15202
25953
39693
62148
66114
85042
25129
11131
75856
87652
11018
11513
91218
10568
11866
40272
47002
85271
59192
76091
77181
80498
81564
86437
86440
90425
92399
59176
80625
88719
89798
92890
86793
10825
34948
39571
76088
10769
92404
58756
80393
85751
11599
91609
20204
21979
79080
90983
43350
89484
77256
92873
37023
83631
89948
91115
84069
89424
90417
38659
91289
20618
12106
71782
87014
89202
89989
14656
60206
77585
88970
10913
88370
75605
34981
91351
92111
84911
85680
79116
90868
81565
86497
81294
82812
77889
16126
92303
47642
91744
88635
91446
80960
10145
89100
16600
90438
84073
86435
88792
90662
81259
12281
84571
35124
18403
76128
34367
85980
80517
90058
78804
79885
90085
17478
88951
92549
92851
75509
77043
91472
51377
75284
11565
90949
84749
12189
90730
90737
85299
80768
11691
90590
77798
78858
80478
89796
42219
91410
90832
90889
47706
88384
85789
76839
83275
85314
85909
87343
90637
84738
87340
89194
80406
91640
24221
85032
78050
92821
63503
82640
59627
85592
68312
22509
90718
91234
35503
64486
92268
77418
84058
59459
84516
91686
10290
38850
32934
79072
90467
86583
77478
34032
44513
45751
64929
88965
14526
70092
79584
51457
86534
86582
92269
79166
48531
29058
91517
92614
93195
90493
72494
20248
22859
79323
80357
89142
27430
11839
87525
79571
48274
78693
88341
47715
90921
87404
75906
76060
84725
79796
52898
92920
75326
10866
79776
10252
91407
87146
77421
21726
41292
82717
12502
68292
57904
61955
91231
80434
15560
44951
90083
11731
40125
79824
11285
90221
22840
48961
23114
20482
91908
54199
81546
91728
91167
93297
56710
78054
35554
76722
88550
86566
52214
85187
86034
87373
80592
47730
89006
51423
90017
11652
71475
87075
89332
93015
93043
43772
85590
22293
89578
14702
83799
76359
52484
85886
90849
59248
77973
84531
85926
90562
91413
19828
60548
44601
41320
75432
12342
15537
23077
17929
23182
44644
53197
76415
83520
83939
65307
90679
76013
90088
12758
74836
90874
91287
75257
88857
11081
13320
13987
46181
36346
21186
65509
87070
89916
80165
89321
91883
66325
81740
25582
47205
85903
91143
82292
91849
77526
11701
12052
78051
90451
32062
56040
91400
79065
13018
24766
93019
11368
27254
76149
85705
86008
50243
11056
13580
54827
76234
22437
28222
24942
12515
92255
21785
93382
13123
13056
87069
79315
92692
61938
91855
90064
90508
79654
10397
64785
79313
58421
12900
92658
87261
13250
10107
83831
13303
21207
47941
81533
38658
80014
79923
93329
70703
14141
13982
77461
86827
75556
32986
93035
92618
90129
89194
48072
86228
86199
76461
90760
13391
47861
90536
91349
90007
90735
91099
77379
14004
80180
14401
88869
89262
50876
48389
89210
83152
18650
89888
91109
78947
92318
76202
78139
81311
73809
90851
84597
88991
11003
93381
27422
14619
14784
91114
90533
14441
12464
12615
32054
77823
92388
11644
13041
84808
80534
13598
57330
12323
50614
86533
86595
81774
14598
83366
52978
91084
91376
13500
87529
15188
92643
89758
89617
68857
12175
13803
80569
79893
12291
83774
77507
85040
13773
61188
90292
80680
27474
17279
89973
90447
25099
11703
27887
14077
55511
93315
13895
20750
45437
82298
15069
15228
91184
22111
82196
14684
77300
26463
50789
89105
89307
90423
13647
91081
11955
83601
89038
92597
63829
90498
49971
14289
55212
90301
15721
13123
84331
39328
80723
13083
91499
91627
76847
21928
91739
14049
89611
13691
64557
91494
53859
59600
84737
12905
45655
13976
43334
10201
13161
50606
87437
89408
92983
14415
12049
64961
53663
86924
64450
82855
87356
13889
90252
75649
43123
75222
91635
14037
19350
85804
78990
18973
52038
14781
13134
14709
25304
80719
13567
77763
90071
92555
86124
91076
80990
64311
88944
90274
91489
56611
10308
10299
13509
76892
79747
13928
54253
84381
90359
91823
75592
27618
60871
13837
21178
77415
79903
90208
92375
13507
75607
15523
84032
13614
87137
15860
37217
13093
23501
12309
32046
82486
13204
62033
66617
69199
15853
77643
44134
55976
13452
37161
76136
91357
76201
54675
58560
78987
79249
91605
14976
91902
86062
76684
77292
15802
89698
86896
91063
91066
91522
86287
13860
11208
79449
92044
15553
91501
92620
10001
90940
82598
40440
85994
88367
77528
90086
13163
85860
91622
81527
12400
14686
14795
12690
87612
35167
27756
91659
85173
92454
58975
90752
12893
14932
18570
81241
80828
12036
86573
86720
87488
13694
91547
26084
13787
84030
13133
12072
14575
21231
93261
18075
10297
85348
59328
81912
82107
89913
90880
90404
85656
78451
71942
82643
83565
23042
29285
43449
38093
86814
31668
82251
12660
89548
20626
13736
14415
15711
84392
93018
90388
15117
80294
83155
12892
14972
15192
84400
89304
83469
86312
51633
92093
13830
91401
86013
90791
14637
24205
91650
83291
89207
92772
85725
56945
10779
15008
77530
81222
26201
18542
14291
15434
88313
89878
90366
85731
19561
73219
91750
86384
91073
59089
43553
79131
15793
75489
80054
16632
15044
78172
91391
92331
79660
90779
14086
80747
89915
13396
86946
77217
52695
89387
15598
44230
39538
85772
78908
12480
35263
77420
81298
87066
90386
84776
78211
90164
11499
72980
14131
14608
87952
13688
93399
33137
28118
80432
81655
12509
14233
12007
14267
13678
90829
22103
25778
92771
51829
23887
18438
65270
13700
86474
51692
90989
13749
91510
42059
84668
79336
86802
89409
75714
10656
23085
12513
72338
80102
85482
85947
91603
15456
46578
90524
23229
88379
90987
71176
11990
60098
77669
91263
24432
31974
12781
24985
22752
87725
88988
23473
15415
81614
13889
13915
17942
14214
14418
15116
91389
13537
92945
77165
20598
13162
11003
16332
90223
14335
16577
83421
79129
65294
80014
80682
91075
12965
90329
12060
17226
80587
85079
16981
89304
11618
12871
13544
14776
12892
83815
17137
84026
31238
41080
67360
75341
83683
46886
61946
10239
16417
32942
12696
86818
89289
11246
65365
89626
66800
76602
15586
16939
79303
16750
17860
60186
79013
92144
93419
85592
17050
86106
93372
25452
91204
10302
76081
23931
55634
13309
15048
15279
15584
16515
16770
34817
56573
80683
84767
85058
85082
90394
91519
80681
11006
76076
60038
82777
14342
15349
89573
11442
30680
85198
85418
60442
18163
92716
39490
14956
71175
89625
13740
56274
15579
58334
83373
61621
10530
64390
92919
77679
38762
66683
91692
81588
23536
13399
24248
42585
59185
17803
38295
21776
63715
12528
90698
15590
92672
13856
34497
67838
44206
34936
92609
15031
66181
10138
15231
57745
89301
89482
11674
77120
14721
71837
76732
52231
86136
14034
65330
15159
15720
27983
37584
66157
85653
14566
14792
16764
79777
35107
77129
80779
91854
13439
13843
14036
16851
20395
27511
57154
50585
52396
70121
80857
86313
14181
19393
47896
79667
91670
10781
16555
88984
59300
82575
17144
24440
59010
65875
66093
85931
86887
87067
14755
16585
25320
79037
15455
77584
78034
90961
13084
13721
14908
46068
47511
66376
80183
80774
85883
90803
91707
92976
75622
79558
81675
27562
60898
86382
90755
91271
89022
17005
88307
25785
15080
16738
82743
83011
85741
90711
13749
14505
16936
17222
25232
80179
81917
86299
87289
89695
90253
90534
92108
92948
12558
12786
14035
15141
15359
17047
27975
31500
47723
58819
77857
79238
86223
88373
89279
90636
92354
11748
12073
12476
13738
14215
14889
15140
16432
17002
27991
76712
84167
85020
88963
89858
90470
47088
81095
13432
15427
16665
18652
80223
82800
86921
91044
91743
92206
12362
12644
13352
13563
13615
14898
14951
14980
16333
16582
28388
49330
67598
75278
78903
88865
88912
89456
91176
92326
11043
12745
13584
13681
14228
14734
14981
15550
23026
82860
87842
89547
91111
91850
13583
14380
66852
80399
83414
86102
87198
87361
88901
88960
89043
89425
89570
92245
12683
13618
17798
24010
86302
87614
88280
89738
92987
10952
12384
12490
12679
12957
13365
13610
13777
14414
14574
14969
16401
21186
21936
24109
38703
81521
81910
88895
90886
90952
91015
11850
13405
14490
14783
15139
15708
16063
32707
47626
75113
79782
79866
80688
89655
90300
90303
90507
90731
93304
18150
60506
65947
79859
85332
91416
10516
11404
13622
13730
13747
14633
15540
16278
38682
49154
55029
60687
66245
71563
75846
79233
80254
80336
81292
85269
89653
92690
12872
14279
15340
15398
21792
88841
91822
12566
13802
14008
14541
15196
15343
15351
16008
16905
16957
25419
27959
42439
63706
76266
80100
80711
87379
89297
90012
90440
91408
91801
92010
92528
92780
12009
13019
13077
13317
13356
14599
15313
18411
19502
27633
28345
32803
61743
70420
81893
83910
84042
87447
88343
89138
90092
90400
91215
92405
11361
12591
14134
14564
75034
80951
89533
90077
91845
24969
41187
76274
86091
90102
18259
22592
24459
75154
75573
82649
87487
89968
90464
90825
91161
16253
17126
21573
64995
86075
87505
89258
91080
14229
16394
89922
11896
24053
70033
86150
93423
10629
11628
14334
14522
14604
14830
15408
16548
16654
17672
18428
20336
27888
33770
38033
42796
46690
51530
60986
62391
64282
68144
78749
79129
83641
84172
89413
89952
91426
93251
12068
13007
13388
14030
14184
14353
14638
14831
15302
15318
15332
15338
26825
33532
35685
50702
53065
57817
60599
75182
76504
85829
86979
88853
89195
89575
93131
10044
10294
12070
15070
41217
45225
59396
75041
89828
89960
10232
14277
23819
30509
84624
12788
13983
17848
76529
77012
77178
87267
11293
11992
12369
12885
13826
14503
14601
14974
15859
17750
23297
23712
35044
38156
39917
46674
47571
49744
64936
68187
77519
83976
87114
87426
88661
88924
89443
90963
93352
11267
14328
14489
14943
15194
15391
17952
22517
26614
34833
79019
80233
91915
93374
79611
89211
91968
15707
27828
64653
77606
78927
91834
18349
23835
52936
85914
90790
91858
92343
10901
11308
11369
11844
12668
12747
13380
13650
13901
13969
14050
14252
14450
14520
14617
14682
14985
15142
15323
16437
17956
18053
21259
25081
30681
36397
36768
52425
58836
59256
60943
67467
76838
77274
77462
77659
78089
79033
80072
80168
80169
80210
82213
82573
83411
83547
83720
83879
84780
86339
86820
86965
87121
87269
87541
88485
88568
89540
90305
90373
90401
90458
90506
90558
90925
91392
91461
92694
93357
12693
42906
64805
78963
80080
83143
85472
86560
89416
90561
91966
92477
75233
77516
83233
83264
92090
12355
13756
14565
17961
31691
83462
83822
89103
89823
90505
90729
90751
12584
13714
13927
14151
20053
62367
75416
77878
90121
93267
13698
15840
18207
49373
58413
80343
85586
86728
89921
90307
92602
12451
72864
81087
90214
93002
13358
14220
14500
56856
59628
13887
16136
75269
84588
12093
12329
12681
12756
12828
13003
13079
13332
13692
13723
13752
13775
13787
13809
13894
14039
14071
14168
14183
14268
14644
14651
14686
14778
15052
15216
15244
15719
16042
16403
16499
16691
16768
16780
16813
17287
17307
17789
17791
17836
17919
18222
25590
34746
46703
62156
62359
62922
66384
68021
76515
77057
77239
77369
79235
79452
79547
79770
80381
80412
84262
85265
85414
85426
85604
85763
85897
86004
86563
87589
89109
89803
90291
90456
90680
91119
91977
92309
92385
92502
92680
92726
92951
92999
93014
93178
93200
93314
11397
13401
13907
15259
21371
72726
75819
80691
81045
85234
85645
85796
85935
88197
90396
93070
93174
18724
12542
13760
86111
86021
86158
86176
86305
86356
86868
86580
13103
86725
86783
86799
86964
86996
87184
87292
87299
12308
90808
87432
87657
88352
88446
48506
88668
88860
26382
88837
88873
89004
89071
89002
89017
89014
89070
89179
89269
89217
89216
89393
91152
90601
89463
89509
89641
93422
89866
90038
90215
90162
91233
90110
91937
14542
90319
90520
90547
14704
90992
90993
90805
92778
15980
90979
91068
89003
13407
13641
91611
91668
92156
92157
92121
92239
92293
92402
92322
92611
92709
79678
93089
92988
93132
93429
12449
12456
12623
13141
12981
13035
13142
13168
90199
90272
12345
14297
17676
